epoch:0 0.3853  0.7122  0.3738  0.1855  0.3193  0.4178  0.3639  0.5410  0.5520  0.3159  0.4794  0.5847  0.4986  0.010000
epoch:1 0.4378  0.7442  0.4727  0.2311  0.3584  0.4743  0.4001  0.5776  0.5851  0.3705  0.5206  0.6147  0.3091  0.010000
epoch:2 0.4534  0.7618  0.4925  0.2283  0.3761  0.4906  0.4048  0.5966  0.6070  0.3711  0.5479  0.6361  0.2737  0.010000
epoch:3 0.5211  0.8094  0.5811  0.2403  0.4178  0.5696  0.4482  0.6383  0.6459  0.3765  0.5474  0.6877  0.2158  0.003300
epoch:4 0.5256  0.8090  0.5925  0.2397  0.4247  0.5724  0.4509  0.6380  0.6453  0.3853  0.5504  0.6858  0.1984  0.003300
epoch:5 0.5160  0.8053  0.5786  0.2266  0.4123  0.5659  0.4459  0.6360  0.6437  0.3507  0.5494  0.6884  0.1859  0.003300
epoch:6 0.5344  0.8137  0.6011  0.2293  0.4258  0.5875  0.4587  0.6427  0.6497  0.3476  0.5395  0.6985  0.1664  0.001089
epoch:7 0.5334  0.8108  0.5979  0.2211  0.4208  0.5882  0.4567  0.6401  0.6466  0.3247  0.5380  0.6959  0.1613  0.001089
epoch:8 0.5329  0.8109  0.6035  0.2234  0.4218  0.5866  0.4568  0.6391  0.6452  0.3288  0.5399  0.6941  0.1572  0.001089
epoch:9 0.5338  0.8113  0.6002  0.2219  0.4183  0.5892  0.4567  0.6400  0.6457  0.3304  0.5341  0.6960  0.1504  0.000359
epoch:10 0.5353  0.8108  0.6031  0.2213  0.4183  0.5911  0.4584  0.6385  0.6444  0.3204  0.5287  0.6951  0.1490  0.000359
epoch:11 0.5344  0.8096  0.5983  0.2202  0.4174  0.5912  0.4584  0.6400  0.6458  0.3157  0.5329  0.6979  0.1475  0.000359
epoch:12 0.5349  0.8099  0.5994  0.2196  0.4195  0.5910  0.4578  0.6395  0.6453  0.3122  0.5345  0.6964  0.1450  0.000119
epoch:13 0.5342  0.8100  0.5984  0.2215  0.4156  0.5909  0.4579  0.6377  0.6434  0.3160  0.5288  0.6955  0.1448  0.000119
epoch:14 0.5351  0.8097  0.5983  0.2225  0.4175  0.5916  0.4586  0.6388  0.6443  0.3129  0.5281  0.6962  0.1443  0.000119
