epoch:0 0.3497  0.6827  0.3151  0.1987  0.2883  0.3755  0.3396  0.5071  0.5176  0.3174  0.4594  0.5363  0.5377  0.010000
epoch:1 0.4310  0.7540  0.4539  0.2082  0.3579  0.4678  0.3982  0.5738  0.5838  0.3722  0.5012  0.6182  0.3246  0.010000
epoch:2 0.4531  0.7636  0.4917  0.2186  0.3501  0.4957  0.4092  0.5965  0.6070  0.3629  0.5241  0.6427  0.2812  0.010000
epoch:3 0.4884  0.7917  0.5356  0.2124  0.3869  0.5342  0.4263  0.6131  0.6216  0.3842  0.5327  0.6612  0.2238  0.003300
epoch:4 0.5050  0.7962  0.5623  0.2190  0.4007  0.5525  0.4388  0.6267  0.6356  0.3845  0.5446  0.6761  0.2053  0.003300
epoch:5 0.5042  0.7936  0.5656  0.2019  0.3935  0.5546  0.4385  0.6264  0.6346  0.3576  0.5395  0.6776  0.1929  0.003300
epoch:6 0.5200  0.8004  0.5811  0.2166  0.4073  0.5712  0.4455  0.6308  0.6372  0.3532  0.5346  0.6830  0.1739  0.001089
epoch:7 0.5179  0.7998  0.5792  0.2100  0.4038  0.5696  0.4445  0.6280  0.6339  0.3533  0.5295  0.6809  0.1663  0.001089
epoch:8 0.5160  0.7988  0.5758  0.2102  0.4067  0.5679  0.4454  0.6280  0.6343  0.3456  0.5313  0.6802  0.1626  0.001089
epoch:9 0.5187  0.7979  0.5813  0.2063  0.4028  0.5728  0.4479  0.6261  0.6319  0.3307  0.5162  0.6825  0.1567  0.000359
epoch:10 0.5206  0.7988  0.5768  0.2100  0.4061  0.5742  0.4485  0.6295  0.6354  0.3383  0.5300  0.6840  0.1550  0.000359
epoch:11 0.5190  0.7982  0.5778  0.2076  0.4067  0.5715  0.4473  0.6260  0.6314  0.3334  0.5218  0.6804  0.1528  0.000359
epoch:12 0.5187  0.7980  0.5786  0.2058  0.4025  0.5721  0.4475  0.6272  0.6325  0.3164  0.5201  0.6825  0.1509  0.000119
epoch:13 0.5187  0.7966  0.5752  0.2090  0.4054  0.5721  0.4476  0.6260  0.6311  0.3334  0.5208  0.6805  0.1509  0.000119
epoch:14 0.5192  0.7970  0.5803  0.2122  0.4051  0.5727  0.4483  0.6280  0.6329  0.3389  0.5227  0.6829  0.1509  0.000119
