epoch:0 0.3839  0.7127  0.3772  0.1895  0.3261  0.4161  0.3685  0.5478  0.5576  0.3255  0.5031  0.5828  0.4925  0.010000
epoch:1 0.4446  0.7479  0.4856  0.2016  0.3611  0.4893  0.4079  0.5964  0.6071  0.3657  0.5322  0.6435  0.3083  0.010000
epoch:2 0.4500  0.7516  0.4923  0.2099  0.3738  0.4884  0.4059  0.5963  0.6063  0.3570  0.5301  0.6384  0.2732  0.010000
epoch:3 0.5199  0.8087  0.5854  0.2273  0.4213  0.5654  0.4493  0.6345  0.6427  0.3636  0.5462  0.6836  0.2139  0.003300
epoch:4 0.5219  0.8077  0.5840  0.2231  0.4246  0.5707  0.4470  0.6367  0.6448  0.3664  0.5539  0.6877  0.1973  0.003300
epoch:5 0.5243  0.8091  0.5911  0.2170  0.4207  0.5755  0.4530  0.6387  0.6465  0.3364  0.5509  0.6914  0.1841  0.003300
epoch:6 0.5354  0.8125  0.6024  0.2173  0.4262  0.5880  0.4591  0.6423  0.6486  0.3272  0.5386  0.6981  0.1657  0.001089
epoch:7 0.5343  0.8124  0.6051  0.2128  0.4298  0.5869  0.4571  0.6427  0.6494  0.3308  0.5485  0.6973  0.1602  0.001089
epoch:8 0.5330  0.8106  0.5970  0.2111  0.4221  0.5871  0.4565  0.6419  0.6481  0.3259  0.5400  0.6988  0.1557  0.001089
epoch:9 0.5371  0.8124  0.6038  0.2113  0.4264  0.5909  0.4585  0.6394  0.6453  0.3220  0.5375  0.6949  0.1496  0.000359
epoch:10 0.5365  0.8110  0.6027  0.2102  0.4259  0.5911  0.4595  0.6402  0.6462  0.3177  0.5373  0.6974  0.1484  0.000359
epoch:11 0.5355  0.8100  0.6013  0.2107  0.4237  0.5901  0.4586  0.6377  0.6434  0.3150  0.5335  0.6945  0.1460  0.000359
epoch:12 0.5368  0.8108  0.6016  0.2085  0.4230  0.5921  0.4591  0.6395  0.6456  0.3186  0.5358  0.6974  0.1449  0.000119
epoch:13 0.5356  0.8105  0.5980  0.2093  0.4231  0.5906  0.4586  0.6392  0.6452  0.3176  0.5356  0.6967  0.1440  0.000119
epoch:14 0.5368  0.8102  0.6008  0.2088  0.4223  0.5922  0.4599  0.6404  0.6464  0.3169  0.5355  0.6983  0.1437  0.000119
